     20.0000    0.404970E+00
     20.5054    0.424716E+00
     21.0237    0.445354E+00
     21.5550    0.466922E+00
     22.0997    0.489456E+00
     22.6582    0.512996E+00
     23.2308    0.537580E+00
     23.8179    0.563249E+00
     24.4198    0.590047E+00
     25.0370    0.618015E+00
     25.6697    0.647200E+00
     26.3184    0.677645E+00
     26.9835    0.709400E+00
     27.6655    0.742512E+00
     28.3646    0.777030E+00
     29.0814    0.813005E+00
     29.8164    0.850489E+00
     30.5699    0.889535E+00
     31.3425    0.930198E+00
     32.1345    0.972532E+00
     32.9466    0.101659E+01
     33.7793    0.106244E+01
     34.6329    0.111013E+01
     35.5082    0.115973E+01
     36.4055    0.121129E+01
     37.3256    0.126487E+01
     38.2689    0.132054E+01
     39.2360    0.137835E+01
     40.2276    0.143838E+01
     41.2442    0.150068E+01
     42.2865    0.156533E+01
     43.3552    0.163237E+01
     44.4508    0.170188E+01
     45.5742    0.177392E+01
     46.7259    0.184855E+01
     47.9068    0.192584E+01
     49.1175    0.200585E+01
     50.3588    0.208865E+01
     51.6315    0.217429E+01
     52.9363    0.226284E+01
     54.2741    0.235435E+01
     55.6457    0.244889E+01
     57.0520    0.254651E+01
     58.4938    0.264727E+01
     59.9720    0.275123E+01
     61.4876    0.285843E+01
     63.0415    0.296892E+01
     64.6347    0.308276E+01
     66.2682    0.319999E+01
     67.9429    0.332066E+01
     69.6599    0.344481E+01
     71.4204    0.357247E+01
     73.2253    0.370369E+01
     75.0759    0.383849E+01
     76.9732    0.397693E+01
     78.9184    0.411901E+01
     80.9128    0.426478E+01
     82.9577    0.441425E+01
     85.0542    0.456747E+01
     87.2037    0.472445E+01
     89.4075    0.488521E+01
     91.6670    0.504979E+01
     93.9836    0.521820E+01
     96.3587    0.539047E+01
     98.7939    0.556664E+01
    101.2906    0.574673E+01
    103.8504    0.593078E+01
    106.4749    0.611882E+01
    109.1657    0.631090E+01
    111.9245    0.650706E+01
    114.7531    0.670737E+01
    117.6531    0.691189E+01
    120.6264    0.712068E+01
    123.6749    0.733382E+01
    126.8004    0.755139E+01
    130.0049    0.777349E+01
    133.2904    0.800021E+01
    136.6589    0.823165E+01
    140.1125    0.846791E+01
    143.6534    0.870906E+01
    147.2838    0.895520E+01
    151.0060    0.920638E+01
    154.8222    0.946261E+01
    158.7348    0.876251E+01
    162.7463    0.629652E+01
    166.8593    0.537465E+01
    171.0761    0.550565E+01
    175.3995    0.563530E+01
    179.8322    0.576336E+01
    184.3769    0.588958E+01
    189.0365    0.601370E+01
    193.8138    0.613550E+01
    198.7118    0.625473E+01
    203.7337    0.637116E+01
    208.8824    0.648458E+01
    214.1613    0.659478E+01
    219.5735    0.670159E+01
    225.1226    0.680483E+01
    230.8119    0.690439E+01
    236.6449    0.700014E+01
    242.6254    0.709203E+01
    248.7570    0.718001E+01
    255.0436    0.726409E+01
    261.4890    0.734433E+01
    268.0973    0.742079E+01
    274.8727    0.709218E+01
    281.8192    0.672867E+01
    288.9413    0.678550E+01
    296.2434    0.683942E+01
    303.7301    0.689057E+01
    311.4059    0.693914E+01
    319.2758    0.698534E+01
    327.3445    0.702940E+01
    335.6171    0.707158E+01
    344.0988    0.711216E+01
    352.7948    0.715145E+01
    361.7106    0.718979E+01
    370.8517    0.722752E+01
    380.2239    0.726503E+01
    389.8329    0.730271E+01
    399.6847    0.734098E+01
    409.7855    0.738025E+01
    420.1415    0.638987E+01
    430.7593    0.435228E+01
    441.6454    0.351499E+01
    452.8067    0.350949E+01
    464.2500    0.350479E+01
    475.9824    0.350114E+01
    488.0114    0.349880E+01
    500.3444    0.349801E+01
    512.9891    0.349901E+01
    525.9533    0.350201E+01
    539.2452    0.350723E+01
    552.8729    0.351485E+01
    566.8451    0.352505E+01
    581.1703    0.353798E+01
    595.8576    0.355379E+01
    610.9161    0.357259E+01
    626.3551    0.359452E+01
    642.1843    0.361971E+01
    658.4135    0.364830E+01
    675.0529    0.368031E+01
    692.1128    0.276873E+01
    709.6038    0.278896E+01
    727.5369    0.281271E+01
    745.9231    0.284004E+01
    764.7740    0.287103E+01
    784.1013    0.290575E+01
    803.9171    0.294425E+01
    824.2336    0.298658E+01
    845.0636    0.303280E+01
    866.4199    0.308293E+01
    888.3160    0.313701E+01
    910.7655    0.319507E+01
    933.7823    0.325711E+01
    957.3807    0.332315E+01
    981.5756    0.339319E+01
   1006.3819    0.346721E+01
   1031.8151    0.354520E+01
   1057.8910    0.362714E+01
   1084.6260    0.371299E+01
   1112.0366    0.380273E+01
   1140.1399    0.389630E+01
   1168.9534    0.378946E+01
   1198.4951    0.332673E+01
   1228.7833    0.259559E+01
   1259.8371    0.174527E+01
   1291.6756    0.973592E+00
   1324.3187    0.483304E+00
   1357.7867    0.395190E+00
   1392.1006    0.406072E+00
   1427.2817    0.415416E+00
   1463.3518    0.424615E+00
   1500.3335    0.432683E+00
   1538.2498    0.440621E+00
   1577.1244    0.448276E+00
   1616.9813    0.454688E+00
   1657.8455    0.460715E+00
   1699.7425    0.463978E+00
   1742.6982    0.466728E+00
   1786.7396    0.468099E+00
   1831.8939    0.468874E+00
   1878.1894    0.469215E+00
   1925.6548    0.468935E+00
   1974.3198    0.468211E+00
   2024.2147    0.465601E+00
   2075.3704    0.459112E+00
   2127.8190    0.447761E+00
   2181.5931    0.425479E+00
   2236.7262    0.399592E+00
   2293.2525    0.350957E+00
   2351.2074    0.300466E+00
   2410.6269    0.242916E+00
   2471.5481    0.194645E+00
   2534.0089    0.154697E+00
   2598.0481    0.122660E+00
   2663.7058    0.968735E-01
   2731.0227    0.766407E-01
   2800.0409    0.624667E-01
   2870.8033    0.530553E-01
   2943.3540    0.475131E-01
   3017.7382    0.433963E-01
   3094.0023    0.413514E-01
   3172.1937    0.396378E-01
   3252.3611    0.386220E-01
   3334.5545    0.377501E-01
   3418.8251    0.369796E-01
   3505.2253    0.359262E-01
   3593.8091    0.346307E-01
   3684.6316    0.322435E-01
   3777.7493    0.287330E-01
   3873.2202    0.241565E-01
   3971.1039    0.182385E-01
   4071.4614    0.131223E-01
   4174.3550    0.847578E-02
   4279.8490    0.552270E-02
   4388.0089    0.373822E-02
   4498.9024    0.283172E-02
   4612.5982    0.233350E-02
   4729.1675    0.231303E-02
   4848.6826    0.241417E-02
   4971.2181    0.285318E-02
   5096.8503    0.348694E-02
   5225.6575    0.445359E-02
   5357.7199    0.584527E-02
   5493.1198    0.779022E-02
   5631.9414    0.106074E-01
   5774.2714    0.146013E-01
   5920.1983    0.204188E-01
   6069.8131    0.289585E-01
   6223.2089    0.416088E-01
   6380.4813    0.607002E-01
   6541.7283    0.894967E-01
   6707.0504    0.133312E+00
   6876.5504    0.199876E+00
   7050.3340    0.301309E+00
   7228.5095    0.453214E+00
   7411.1878    0.685263E+00
   7598.4827    0.102037E+01
   7790.5110    0.152092E+01
   7987.3921    0.223807E+01
   8189.2488    0.325757E+01
   8396.2069    0.471152E+01
   8608.3951    0.664567E+01
   8825.9458    0.934318E+01
   9048.9944    0.127603E+02
   9277.6798    0.172222E+02
   9512.1446    0.227986E+02
   9752.5347    0.293435E+02
   9999.0000    0.374611E+02
